0234
0262
0263
0266
0269
0271
0279
0292
0299
0300
0327
0330
0333
0334
0336
0341
0342
0353
0356
0357
0363
0370
0380
0381
0384
0385
0386
0387
0389
0392
0393
0401
0402
0403
0404
0405
0406
1112
1461
2382
2615
2616
2617
2618
2620
2621
2630
2633
2646
2652
2653
2655
2657
2670
2671
2674
2679
2680
2682
2684
2688
2689
2691
2692
6001
6002
6003
6004
6011
6021
6023
6024
6025
6026
6027
6028
6031
6041
6042
6043
6044
6045
6046
6047
6101
6102
6103
6104
6106
6107
6108
6111
6121
6132
6133
6142
6143
6144
6201
6202
6203
6204
6211
6212
6213
6214
6221
6222
6223
6224
6225
6226
6231
6240
6241
6242
6243
6244
6245
6246
6247
6302
6303
6311
6321
6322
6323
6324
6325
6327
6328
6329
6330
6332
6341
6343
6344
6345
6346
6348
6401
6402
6403
6411
6412
6413
6414
6415
6416
6417
6418
6419
6420
6423
6424
6425
6426
6427
6428
6429
6430
6431
6432
6530
6538
6539
8926
